000001 AA -111.61   41.46 0. 0.
000002 AA  -90.57   49.25 0. 0.
000003 AA  -98.92   32.61 0. 0.
000004 AA  -91.63   34.55 0. 0.
000005 AA -114.16   49.82 0. 0.
000006 AA  -83.22   42.02 0. 0.
000007 AA -116.03   42.77 0. 0.
000008 AA -117.74   40.30 0. 0.
000009 AA  -84.90   39.01 0. 0.
000010 AA -122.11   43.24 0. 0.
000011 AA -115.95   40.81 0. 0.
000012 AA  -97.31   27.42 0. 0.
000013 AA  -90.04   42.54 0. 0.
000014 AA  -83.53   42.83 0. 0.
000015 AA -118.93   41.63 0. 0.
000016 AA -117.66   34.24 0. 0.
000017 AA -102.11   37.12 0. 0.
000018 AA -109.85   48.92 0. 0.
000019 AA -110.71   35.08 0. 0.
000020 AA  -71.19   48.20 0. 0.
000021 AA -117.42   40.80 0. 0.
000022 AA -122.43   46.28 0. 0.
000023 AA -111.61   41.46 0. 0.
000024 AA -111.71   48.41 0. 0.
000025 AA -122.97   48.07 0. 0.
000026 AA  -72.21   43.93 0. 0.
000027 AA -107.15   44.91 0. 0.
000028 AA -112.36   37.68 0. 0.
000029 AA -123.51   44.68 0. 0.
000030 AA  -79.25   37.00 0. 0.
000031 AA  -90.51   38.14 0. 0.
000032 AA -113.77   32.77 0. 0.
000033 AA  -96.87   35.15 0. 0.
000034 AA  -83.11   32.61 0. 0.
000035 AA -121.77   46.14 0. 0.
000036 AA  -73.59   44.84 0. 0.
000037 AA  -88.39   37.83 0. 0.
000038 AA  -80.14   41.65 0. 0.
000039 AA -104.82   32.11 0. 0.
000040 AA -117.23   45.98 0. 0.
000041 AA -102.84   33.88 0. 0.
000042 AA  -93.14   44.03 0. 0.
000043 AA -117.69   40.28 0. 0.
000044 AA -116.66   45.05 0. 0.
000045 AA  -82.26   34.23 0. 0.
000046 AA -116.63   33.57 0. 0.
000047 AA  -85.81   42.34 0. 0.
000048 AA -123.75   44.40 0. 0.
000049 AA -106.29   45.22 0. 0.
000050 AA  -96.50   40.84 0. 0.
000051 AA -116.30   44.26 0. 0.
000052 AA -115.91   39.59 0. 0.
000053 AA  -91.12   42.62 0. 0.
000054 AA -115.51   40.71 0. 0.
000055 AA  -97.45   40.73 0. 0.
000056 AA  -97.92   33.37 0. 0.
000057 AA  -77.08   45.04 0. 0.
000058 AA  -84.76   49.19 0. 0.
000059 AA -118.65   37.68 0. 0.
000060 AA -110.58   44.40 0. 0.
000061 AA -120.45   35.91 0. 0.
000062 AA -116.02   45.12 0. 0.
000063 AA -112.56   38.94 0. 0.
000064 AA  -87.36   48.89 0. 0.
000065 AA  -97.31   27.42 0. 0.
000066 AA  -85.43   39.46 0. 0.
000067 AA  -84.84   37.02 0. 0.
000068 AA -122.87   47.01 0. 0.
000069 AA -104.20   48.47 0. 0.
000070 AA -103.47   37.62 0. 0.
000071 AA -122.03   40.00 0. 0.
000072 AA -108.08   44.79 0. 0.
000073 AA -123.46   48.05 0. 0.
000074 AA -110.74   49.12 0. 0.
000075 AA  -90.60   37.38 0. 0.
000076 AA -117.91   45.71 0. 0.
000077 AA -107.60   44.28 0. 0.
000078 AA  -93.07   35.19 0. 0.
000079 AA -106.04   37.04 0. 0.
000080 AA  -93.78   35.20 0. 0.
000081 AA -115.50   40.34 0. 0.
000082 AA -107.78   44.55 0. 0.
000083 AA -109.26   38.29 0. 0.
000084 AA  -89.05   38.45 0. 0.
000085 AA -120.71   38.38 0. 0.
000086 AA -123.28   43.97 0. 0.
000087 AA  -86.06   37.66 0. 0.
000088 AA -107.09   44.13 0. 0.
000089 AA  -88.83   37.78 0. 0.
000090 AA  -83.47   33.41 0. 0.
000091 AA  -80.38   36.35 0. 0.
000092 AA -116.10   32.66 0. 0.
000093 AA -106.51   44.34 0. 0.
000094 AA -104.09   30.06 0. 0.
000095 AA -121.75   42.62 0. 0.
000096 AA -124.06   42.91 0. 0.
000097 AA  -93.72   48.36 0. 0.
000098 AA  -85.82   37.30 0. 0.
000099 AA -106.19   34.58 0. 0.
000100 AA  -74.76   47.05 0. 0.
000101 AA -123.45   48.06 0. 0.
000102 AA -108.33   40.27 0. 0.
000103 AA -104.66   32.66 0. 0.
000104 AA  -91.24   36.35 0. 0.
000105 AA -111.50   53.11 0. 0.
000106 AA  -77.08   45.04 0. 0.
000107 AA -117.56   48.98 0. 0.
000108 AA -116.33   36.42 0. 0.
000109 AA -123.32   48.00 0. 0.
000110 AA -107.52   44.12 0. 0.
000111 AA -120.57   35.98 0. 0.
000112 AA -122.97   47.72 0. 0.
000113 AA  -94.83   38.31 0. 0.
000114 AA  -93.63   39.59 0. 0.
000115 AA -121.89   42.17 0. 0.
000116 AA -120.45   35.91 0. 0.
000117 AA -114.04   38.85 0. 0.
000118 AA -106.85   44.62 0. 0.
000119 AA -118.17   37.50 0. 0.
000120 AA  -95.65   28.84 0. 0.
000121 AA  -83.98   41.47 0. 0.
000122 AA -122.59   46.27 0. 0.
000123 AA -122.93   47.96 0. 0.
000124 AA -115.96   43.91 0. 0.
000125 AA  -88.60   37.78 0. 0.
000126 AA  -84.84   37.02 0. 0.
000127 AA -121.83   41.41 0. 0.
000128 AA -107.64   35.81 0. 0.
000129 AA -115.46   44.26 0. 0.
000130 AA -108.72   42.72 0. 0.
000131 AA  -83.89   30.58 0. 0.
000132 AA  -97.45   40.74 0. 0.
000133 AA -114.20   46.41 0. 0.
000134 AA  -89.76   41.45 0. 0.
000135 AA -114.20   43.94 0. 0.
000136 AA  -71.16   44.57 0. 0.
000137 AA -104.75   33.57 0. 0.
000138 AA  -94.77   30.79 0. 0.
000139 AA -120.45   35.91 0. 0.
000140 AA  -98.27   30.81 0. 0.
000141 AA  -72.99   43.95 0. 0.
000142 AA -105.31   46.50 0. 0.
000143 AA -106.33   44.71 0. 0.
000144 AA  -91.09   37.03 0. 0.
000145 AA -107.54   44.15 0. 0.
000146 AA -113.49   46.42 0. 0.
000147 AA -106.46   34.95 0. 0.
000148 AA  -94.18   33.24 0. 0.
000149 AA  -95.62   33.20 0. 0.
000150 AA -121.33   37.50 0. 0.
000151 AA  -94.35   39.59 0. 0.
000152 AA  -85.78   42.69 0. 0.
000153 AA -117.28   47.81 0. 0.
000154 AA  -89.10   36.77 0. 0.
000155 AA -119.51   38.00 0. 0.
000156 AA  -90.73   31.45 0. 0.
000157 AA -101.75   39.57 0. 0.
000158 AA -118.23   44.52 0. 0.
000159 AA  -94.21   40.76 0. 0.
000160 AA -105.61   39.80 0. 0.
000161 AA -106.59   44.61 0. 0.
000162 AA -116.02   45.12 0. 0.
000163 AA -123.31   48.00 0. 0.
000164 AA -112.23   32.70 0. 0.
000165 AA -119.19   41.61 0. 0.
000166 AA -105.43   34.56 0. 0.
000167 AA -113.40   47.02 0. 0.
000168 AA  -73.81   45.87 0. 0.
000169 AA  -75.77   41.56 0. 0.
000170 AA -116.11   32.65 0. 0.
000171 AA  -81.43   28.11 0. 0.
000172 AA -115.02   42.15 0. 0.
000173 AA  -90.03   31.31 0. 0.
000174 AA  -93.62   38.96 0. 0.
000175 AA  -97.11   37.70 0. 0.
000176 AA -122.97   48.07 0. 0.
000177 AA  -94.27   44.04 0. 0.
000178 AA  -71.81   43.23 0. 0.
000179 AA  -84.84   37.02 0. 0.
000180 AA -106.56   44.65 0. 0.
000181 AA -116.67   33.66 0. 0.
000182 AA  -95.26   45.80 0. 0.
000183 AA -124.00   44.68 0. 0.
000184 AA -120.25   42.80 0. 0.
000185 AA -109.05   43.26 0. 0.
000186 AA  -82.91   42.73 0. 0.
000187 AA -103.40   32.36 0. 0.
000188 AA  -99.80   30.48 0. 0.
000189 AA  -77.25   45.68 0. 0.
000190 AA  -82.62   42.77 0. 0.
000191 AA  -92.85   36.36 0. 0.
000192 AA -119.61   38.68 0. 0.
000193 AA  -91.60   40.77 0. 0.
000194 AA  -97.77   29.39 0. 0.
000195 AA  -84.34   40.19 0. 0.
000196 AA -114.40   47.09 0. 0.
000197 AA -106.52   42.65 0. 0.
000198 AA -120.51   35.99 0. 0.
000199 AA -107.78   32.01 0. 0.
000200 AA  -94.34   43.33 0. 0.
000201 AA -123.28   46.72 0. 0.
000202 AA -108.77   47.76 0. 0.
000203 AA -120.74   38.76 0. 0.
000204 AA -113.36   37.55 0. 0.
000205 AA -113.52   51.54 0. 0.
000206 AA -122.58   47.40 0. 0.
000207 AA  -91.05   36.18 0. 0.
000208 AA -114.08   42.65 0. 0.
000209 AA -115.04   40.43 0. 0.
000210 AA  -90.07   39.99 0. 0.
000211 AA -115.95   44.92 0. 0.
000212 AA -122.70   48.72 0. 0.
000213 AA -108.15   43.95 0. 0.
000214 AA  -99.74   31.38 0. 0.
000215 AA  -91.84   39.52 0. 0.
000216 AA -107.35   44.81 0. 0.
000217 AA  -83.28   43.52 0. 0.
000218 AA  -92.80   33.26 0. 0.
000219 AA  -90.26   35.41 0. 0.
000220 AA -107.67   34.01 0. 0.
000221 AA -117.75   43.35 0. 0.
000222 AA -117.23   45.97 0. 0.
000223 AA -123.34   43.69 0. 0.
000224 AA -105.40   44.56 0. 0.
000225 AA  -82.37   40.92 0. 0.
000226 AA -105.46   43.96 0. 0.
000227 AA -112.16   33.29 0. 0.
000228 AA -122.41   46.20 0. 0.
000229 AA -107.95   44.81 0. 0.
000230 AA  -91.38   38.92 0. 0.
000231 AA -115.06   43.60 0. 0.
000232 AA  -86.41   33.86 0. 0.
000233 AA  -90.21   33.96 0. 0.
000234 AA  -68.42   46.42 0. 0.
000235 AA -122.97   48.07 0. 0.
000236 AA -122.97   48.07 0. 0.
000237 AA -112.52   47.04 0. 0.
000238 AA -109.06   44.49 0. 0.
000239 AA  -95.86   48.30 0. 0.
000240 AA  -90.02   35.36 0. 0.
000241 AA -123.09   48.00 0. 0.
000242 AA  -95.23   42.72 0. 0.
000243 AA  -90.41   36.37 0. 0.
000244 AA -123.60   42.16 0. 0.
000245 AA -108.53   31.34 0. 0.
000246 AA  -97.31   27.42 0. 0.
000247 AA -102.55   32.29 0. 0.
000248 AA  -82.37   40.92 0. 0.
000249 AA -107.96   44.71 0. 0.
000250 AA  -97.45   40.74 0. 0.
000251 AA -117.78   40.31 0. 0.
000252 AA  -98.75   42.62 0. 0.
000253 AA  -76.66   47.15 0. 0.
000254 AA -106.48   43.41 0. 0.
000255 AA  -81.32   43.19 0. 0.
000256 AA  -96.58   41.50 0. 0.
000257 AA  -84.35   35.80 0. 0.
000258 AA -107.46   44.10 0. 0.
000259 AA -103.85   33.03 0. 0.
000260 AA  -94.77   47.79 0. 0.
000261 AA  -84.90   39.01 0. 0.
000262 AA -122.45   46.51 0. 0.
000263 AA -121.29   37.01 0. 0.
000264 AA  -83.04   41.40 0. 0.
000265 AA -123.32   48.01 0. 0.
000266 AA -117.52   40.85 0. 0.
000267 AA  -92.38   43.97 0. 0.
000268 AA  -78.76   41.47 0. 0.
000269 AA -115.46   40.67 0. 0.
000270 AA -102.89   29.49 0. 0.
000271 AA  -99.60   47.85 0. 0.
000272 AA  -94.57   45.86 0. 0.
000273 AA -109.82   47.15 0. 0.
000274 AA  -83.60   35.84 0. 0.
000275 AA -123.28   46.20 0. 0.
000276 AA -109.32   44.47 0. 0.
000277 AA -122.39   46.11 0. 0.
000278 AA  -85.65   34.46 0. 0.
000279 AA -114.02   52.22 0. 0.
000280 AA -105.94   40.89 0. 0.
000281 AA -111.68   46.53 0. 0.
000282 AA  -96.69   41.42 0. 0.
000283 AA -120.45   35.91 0. 0.
000284 AA -117.66   44.67 0. 0.
000285 AA -109.18   40.89 0. 0.
000286 AA -102.55   32.29 0. 0.
000287 AA -113.06   49.94 0. 0.
000288 AA -117.89   50.40 0. 0.
000289 AA -123.04   47.93 0. 0.
000290 AA -118.83   35.13 0. 0.
000291 AA -105.27   35.73 0. 0.
000292 AA -122.39   46.39 0. 0.
000293 AA -106.00   37.71 0. 0.
000294 AA -111.71   38.87 0. 0.
000295 AA -123.97   47.12 0. 0.
000296 AA -122.97   48.07 0. 0.
000297 AA -102.49   33.57 0. 0.
000298 AA  -93.88   42.01 0. 0.
000299 AA  -89.16   40.01 0. 0.
000300 AA  -82.07   30.98 0. 0.
000301 AA  -93.40   44.01 0. 0.
000302 AA  -81.53   38.86 0. 0.
000303 AA  -96.29   45.83 0. 0.
000304 AA -107.60   44.24 0. 0.
000305 AA -117.23   33.15 0. 0.
000306 AA -109.26   32.00 0. 0.
000307 AA -119.15   38.28 0. 0.
000308 AA -107.06   48.35 0. 0.
000309 AA -123.66   44.11 0. 0.
000310 AA -119.76   39.31 0. 0.
000311 AA  -82.81   35.67 0. 0.
000312 AA -124.14   47.06 0. 0.
000313 AA  -83.59   37.64 0. 0.
000314 AA  -93.48   36.38 0. 0.
000315 AA -109.21   36.29 0. 0.
000316 AA  -82.11   32.24 0. 0.
000317 AA -115.48   44.02 0. 0.
000318 AA  -92.48   43.32 0. 0.
000319 AA -114.85   40.84 0. 0.
000320 AA  -87.17   45.00 0. 0.
000321 AA  -99.23   48.92 0. 0.
000322 AA -117.73   40.30 0. 0.
000323 AA -117.18   38.83 0. 0.
000324 AA  -85.10   35.67 0. 0.
000325 AA  -67.86   44.97 0. 0.
000326 AA -123.82   40.14 0. 0.
000327 AA -119.71   37.01 0. 0.
000328 AA  -80.14   41.65 0. 0.
000329 AA -123.37   42.78 0. 0.
000330 AA -104.97   31.37 0. 0.
000331 AA -107.95   44.54 0. 0.
000332 AA  -81.03   31.97 0. 0.
000333 AA  -73.69   44.65 0. 0.
000334 AA -103.67   29.33 0. 0.
000335 AA -108.63   32.55 0. 0.
000336 AA -122.93   47.96 0. 0.
000337 AA  -94.96   40.82 0. 0.
000338 AA -124.15   47.12 0. 0.
000339 AA -109.97   32.64 0. 0.
000340 AA -118.97   40.78 0. 0.
000341 AA -114.32   44.25 0. 0.
000342 AA -108.25   43.92 0. 0.
000343 AA -120.67   47.88 0. 0.
000344 AA -107.65   38.89 0. 0.
000345 AA -117.68   40.28 0. 0.
000346 AA -106.29   45.22 0. 0.
000347 AA  -93.32   37.69 0. 0.
000348 AA -122.38   46.87 0. 0.
000349 AA  -84.06   33.86 0. 0.
000350 AA  -86.41   33.86 0. 0.
000351 AA -121.92   43.15 0. 0.
000352 AA -115.22   37.24 0. 0.
000353 AA -108.47   44.46 0. 0.
000354 AA -118.11   38.35 0. 0.
000355 AA -104.43   31.70 0. 0.
000356 AA -121.79   39.23 0. 0.
000357 AA  -80.12   38.28 0. 0.
000358 AA -107.35   44.81 0. 0.
000359 AA  -78.45   43.16 0. 0.
000360 AA -108.80   43.89 0. 0.
000361 AA  -80.12   38.28 0. 0.
000362 AA  -89.49   37.96 0. 0.
000363 AA -122.11   43.24 0. 0.
000364 AA  -85.73   38.93 0. 0.
000365 AA -123.27   39.71 0. 0.
000366 AA -105.03   33.83 0. 0.
000367 AA -110.05   31.97 0. 0.
000368 AA -123.23   46.65 0. 0.
000369 AA  -95.69   41.47 0. 0.
000370 AA -120.08   38.70 0. 0.
000371 AA  -75.96   35.56 0. 0.
000372 AA -106.40   44.65 0. 0.
000373 AA  -84.12   42.80 0. 0.
000374 AA -123.04   47.94 0. 0.
000375 AA  -75.54   45.46 0. 0.
000376 AA -101.50   47.71 0. 0.
000377 AA  -82.13   39.63 0. 0.
000378 AA  -93.31   46.48 0. 0.
000379 AA -101.81   38.34 0. 0.
000380 AA -118.81   44.24 0. 0.
000381 AA -123.59   40.19 0. 0.
000382 AA  -95.64   40.86 0. 0.
000383 AA -109.80   48.44 0. 0.
000384 AA -122.97   48.07 0. 0.
000385 AA -120.98   40.48 0. 0.
000386 AA -104.03   30.67 0. 0.
000387 AA  -91.39   44.63 0. 0.
000388 AA -105.86   45.49 0. 0.
000389 AA  -81.44   44.24 0. 0.
000390 AA -115.57   46.42 0. 0.
000391 AA -124.14   47.06 0. 0.
000392 AA  -91.37   36.50 0. 0.
000393 AA  -83.89   32.01 0. 0.
000394 AA -115.10   43.25 0. 0.
000395 AA -121.16   39.38 0. 0.
000396 AA  -98.00   37.59 0. 0.
000397 AA -123.66   46.41 0. 0.
000398 AA -109.82   47.15 0. 0.
000399 AA -105.55   43.40 0. 0.
000400 AA  -98.55   28.13 0. 0.
000401 AA -122.96   48.06 0. 0.
000402 AA -112.61   47.77 0. 0.
000403 AA -119.95   38.28 0. 0.
000404 AA -113.89   35.10 0. 0.
000405 AA -109.89   38.39 0. 0.
000406 AA -117.19   38.83 0. 0.
000407 AA -122.71   48.72 0. 0.
000408 AA  -82.69   33.86 0. 0.
000409 AA -119.67   37.51 0. 0.
000410 AA -122.19   44.68 0. 0.
000411 AA  -89.76   41.45 0. 0.
000412 AA -115.10   43.25 0. 0.
000413 AA  -91.56   45.77 0. 0.
000414 AA -123.37   47.03 0. 0.
000415 AA  -75.19   40.17 0. 0.
000416 AA -120.45   35.91 0. 0.
000417 AA -120.58   39.62 0. 0.
000418 AA  -91.60   40.77 0. 0.
000419 AA -110.64   44.72 0. 0.
000420 AA -121.73   42.61 0. 0.
000421 AA  -88.44   37.30 0. 0.
000422 AA  -86.79   41.27 0. 0.
000423 AA -106.85   36.38 0. 0.
000424 AA -109.14   37.75 0. 0.
000425 AA -113.28   41.37 0. 0.
000426 AA -101.90   37.59 0. 0.
000427 AA  -79.66   41.51 0. 0.
000428 AA -110.04   41.92 0. 0.
000429 AA -123.47   48.05 0. 0.
000430 AA -122.46   40.96 0. 0.
000431 AA -109.16   41.50 0. 0.
000432 AA -115.00   39.91 0. 0.
000433 AA -123.21   48.05 0. 0.
000434 AA  -82.37   40.92 0. 0.
000435 AA  -80.58   35.13 0. 0.
000436 AA -120.38   49.05 0. 0.
000437 AA -114.91   39.47 0. 0.
000438 AA  -99.84   35.77 0. 0.
000439 AA -120.38   49.05 0. 0.
000440 AA  -87.89   37.04 0. 0.
000441 AA -103.63   31.11 0. 0.
000442 AA -113.02   38.30 0. 0.
000443 AA  -78.53   36.95 0. 0.
000444 AA -116.67   33.66 0. 0.
000445 AA  -80.18   33.11 0. 0.
000446 AA -116.80   44.09 0. 0.
000447 AA  -75.77   40.92 0. 0.
000448 AA -117.91   45.71 0. 0.
000449 AA  -92.12   42.09 0. 0.
000450 AA -101.98   31.49 0. 0.
000451 AA -123.46   48.05 0. 0.
000452 AA  -84.99   46.09 0. 0.
000453 AA -101.87   32.63 0. 0.
000454 AA  -74.70   40.38 0. 0.
000455 AA -120.40   35.88 0. 0.
000456 AA -110.71   38.42 0. 0.
000457 AA -122.19   46.12 0. 0.
000458 AA -108.16   40.86 0. 0.
000459 AA  -98.27   30.81 0. 0.
000460 AA -105.98   44.61 0. 0.
000461 AA  -96.87   35.15 0. 0.
000462 AA -120.89   47.92 0. 0.
000463 AA  -84.58   37.05 0. 0.
000464 AA -118.20   47.82 0. 0.
000465 AA  -89.70   38.94 0. 0.
000466 AA -119.91   46.52 0. 0.
000467 AA -122.19   44.68 0. 0.
000468 AA  -78.52   38.30 0. 0.
000469 AA  -88.13   40.80 0. 0.
000470 AA -120.71   38.38 0. 0.
000471 AA  -92.66   46.40 0. 0.
000472 AA -123.31   48.01 0. 0.
000473 AA  -81.84   40.12 0. 0.
000474 AA -106.46   34.95 0. 0.
000475 AA -120.39   38.03 0. 0.
000476 AA -119.64   34.00 0. 0.
000477 AA  -82.53   36.98 0. 0.
000478 AA  -97.13   45.87 0. 0.
000479 AA -116.66   33.67 0. 0.
000480 AA -109.80   48.44 0. 0.
000481 AA -115.06   43.60 0. 0.
000482 AA  -99.83   45.83 0. 0.
000483 AA -122.26   46.04 0. 0.
000484 AA  -99.14   45.13 0. 0.
000485 AA -105.70   42.11 0. 0.
000486 AA -102.60   45.29 0. 0.
000487 AA -115.26   40.86 0. 0.
000488 AA -101.68   34.88 0. 0.
000489 AA  -95.78   38.27 0. 0.
000490 AA  -93.78   35.20 0. 0.
000491 AA  -83.04   41.40 0. 0.
000492 AA -123.50   48.06 0. 0.
000493 AA -118.64   44.67 0. 0.
000494 AA -106.92   34.07 0. 0.
000495 AA  -92.54   45.99 0. 0.
000496 AA -116.67   33.66 0. 0.
000497 AA  -90.59   35.69 0. 0.
000498 AA -122.76   38.91 0. 0.
000499 AA  -92.04   44.06 0. 0.
000500 AA -109.80   47.20 0. 0.
