 4.1460000e+01 -1.1161000e+02
 4.9250000e+01 -9.0570000e+01
 3.2610000e+01 -9.8920000e+01
 3.4550000e+01 -9.1630000e+01
 4.9820000e+01 -1.1416000e+02
 4.2020000e+01 -8.3220000e+01
 4.2770000e+01 -1.1603000e+02
 4.0300000e+01 -1.1774000e+02
 3.9010000e+01 -8.4900000e+01
 4.3240000e+01 -1.2211000e+02
 4.0810000e+01 -1.1595000e+02
 2.7420000e+01 -9.7310000e+01
 4.2540000e+01 -9.0040000e+01
 4.2830000e+01 -8.3530000e+01
 4.1630000e+01 -1.1893000e+02
 3.4240000e+01 -1.1766000e+02
 3.7120000e+01 -1.0211000e+02
 4.8920000e+01 -1.0985000e+02
 3.5080000e+01 -1.1071000e+02
 4.8200000e+01 -7.1190000e+01
 4.0800000e+01 -1.1742000e+02
 4.6280000e+01 -1.2243000e+02
 4.1460000e+01 -1.1161000e+02
 4.8410000e+01 -1.1171000e+02
 4.8070000e+01 -1.2297000e+02
 4.3930000e+01 -7.2210000e+01
 4.4910000e+01 -1.0715000e+02
 3.7680000e+01 -1.1236000e+02
 4.4680000e+01 -1.2351000e+02
 3.7000000e+01 -7.9250000e+01
 3.8140000e+01 -9.0510000e+01
 3.2770000e+01 -1.1377000e+02
 3.5150000e+01 -9.6870000e+01
 3.2610000e+01 -8.3110000e+01
 4.6140000e+01 -1.2177000e+02
 4.4840000e+01 -7.3590000e+01
 3.7830000e+01 -8.8390000e+01
 4.1650000e+01 -8.0140000e+01
 3.2110000e+01 -1.0482000e+02
 4.5980000e+01 -1.1723000e+02
 3.3880000e+01 -1.0284000e+02
 4.4030000e+01 -9.3140000e+01
 4.0280000e+01 -1.1769000e+02
 4.5050000e+01 -1.1666000e+02
 3.4230000e+01 -8.2260000e+01
 3.3570000e+01 -1.1663000e+02
 4.2340000e+01 -8.5810000e+01
 4.4400000e+01 -1.2375000e+02
 4.5220000e+01 -1.0629000e+02
 4.0840000e+01 -9.6500000e+01
 4.4260000e+01 -1.1630000e+02
 3.9590000e+01 -1.1591000e+02
 4.2620000e+01 -9.1120000e+01
 4.0710000e+01 -1.1551000e+02
 4.0730000e+01 -9.7450000e+01
 3.3370000e+01 -9.7920000e+01
 4.5040000e+01 -7.7080000e+01
 4.9190000e+01 -8.4760000e+01
 3.7680000e+01 -1.1865000e+02
 4.4400000e+01 -1.1058000e+02
 3.5910000e+01 -1.2045000e+02
 4.5120000e+01 -1.1602000e+02
 3.8940000e+01 -1.1256000e+02
 4.8890000e+01 -8.7360000e+01
 2.7420000e+01 -9.7310000e+01
 3.9460000e+01 -8.5430000e+01
 3.7020000e+01 -8.4840000e+01
 4.7010000e+01 -1.2287000e+02
 4.8470000e+01 -1.0420000e+02
 3.7620000e+01 -1.0347000e+02
 4.0000000e+01 -1.2203000e+02
 4.4790000e+01 -1.0808000e+02
 4.8050000e+01 -1.2346000e+02
 4.9120000e+01 -1.1074000e+02
 3.7380000e+01 -9.0600000e+01
 4.5710000e+01 -1.1791000e+02
 4.4280000e+01 -1.0760000e+02
 3.5190000e+01 -9.3070000e+01
 3.7040000e+01 -1.0604000e+02
 3.5200000e+01 -9.3780000e+01
 4.0340000e+01 -1.1550000e+02
 4.4550000e+01 -1.0778000e+02
 3.8290000e+01 -1.0926000e+02
 3.8450000e+01 -8.9050000e+01
 3.8380000e+01 -1.2071000e+02
 4.3970000e+01 -1.2328000e+02
 3.7660000e+01 -8.6060000e+01
 4.4130000e+01 -1.0709000e+02
 3.7780000e+01 -8.8830000e+01
 3.3410000e+01 -8.3470000e+01
 3.6350000e+01 -8.0380000e+01
 3.2660000e+01 -1.1610000e+02
 4.4340000e+01 -1.0651000e+02
 3.0060000e+01 -1.0409000e+02
 4.2620000e+01 -1.2175000e+02
 4.2910000e+01 -1.2406000e+02
 4.8360000e+01 -9.3720000e+01
 3.7300000e+01 -8.5820000e+01
 3.4580000e+01 -1.0619000e+02
 4.7050000e+01 -7.4760000e+01
 4.8060000e+01 -1.2345000e+02
 4.0270000e+01 -1.0833000e+02
 3.2660000e+01 -1.0466000e+02
 3.6350000e+01 -9.1240000e+01
 5.3110000e+01 -1.1150000e+02
 4.5040000e+01 -7.7080000e+01
 4.8980000e+01 -1.1756000e+02
 3.6420000e+01 -1.1633000e+02
 4.8000000e+01 -1.2332000e+02
 4.4120000e+01 -1.0752000e+02
 3.5980000e+01 -1.2057000e+02
 4.7720000e+01 -1.2297000e+02
 3.8310000e+01 -9.4830000e+01
 3.9590000e+01 -9.3630000e+01
 4.2170000e+01 -1.2189000e+02
 3.5910000e+01 -1.2045000e+02
 3.8850000e+01 -1.1404000e+02
 4.4620000e+01 -1.0685000e+02
 3.7500000e+01 -1.1817000e+02
 2.8840000e+01 -9.5650000e+01
 4.1470000e+01 -8.3980000e+01
 4.6270000e+01 -1.2259000e+02
 4.7960000e+01 -1.2293000e+02
 4.3910000e+01 -1.1596000e+02
 3.7780000e+01 -8.8600000e+01
 3.7020000e+01 -8.4840000e+01
 4.1410000e+01 -1.2183000e+02
 3.5810000e+01 -1.0764000e+02
 4.4260000e+01 -1.1546000e+02
 4.2720000e+01 -1.0872000e+02
 3.0580000e+01 -8.3890000e+01
 4.0740000e+01 -9.7450000e+01
 4.6410000e+01 -1.1420000e+02
 4.1450000e+01 -8.9760000e+01
 4.3940000e+01 -1.1420000e+02
 4.4570000e+01 -7.1160000e+01
 3.3570000e+01 -1.0475000e+02
 3.0790000e+01 -9.4770000e+01
 3.5910000e+01 -1.2045000e+02
 3.0810000e+01 -9.8270000e+01
 4.3950000e+01 -7.2990000e+01
 4.6500000e+01 -1.0531000e+02
 4.4710000e+01 -1.0633000e+02
 3.7030000e+01 -9.1090000e+01
 4.4150000e+01 -1.0754000e+02
 4.6420000e+01 -1.1349000e+02
 3.4950000e+01 -1.0646000e+02
 3.3240000e+01 -9.4180000e+01
 3.3200000e+01 -9.5620000e+01
 3.7500000e+01 -1.2133000e+02
 3.9590000e+01 -9.4350000e+01
 4.2690000e+01 -8.5780000e+01
 4.7810000e+01 -1.1728000e+02
 3.6770000e+01 -8.9100000e+01
 3.8000000e+01 -1.1951000e+02
 3.1450000e+01 -9.0730000e+01
 3.9570000e+01 -1.0175000e+02
 4.4520000e+01 -1.1823000e+02
 4.0760000e+01 -9.4210000e+01
 3.9800000e+01 -1.0561000e+02
 4.4610000e+01 -1.0659000e+02
 4.5120000e+01 -1.1602000e+02
 4.8000000e+01 -1.2331000e+02
 3.2700000e+01 -1.1223000e+02
 4.1610000e+01 -1.1919000e+02
 3.4560000e+01 -1.0543000e+02
 4.7020000e+01 -1.1340000e+02
 4.5870000e+01 -7.3810000e+01
 4.1560000e+01 -7.5770000e+01
 3.2650000e+01 -1.1611000e+02
 2.8110000e+01 -8.1430000e+01
 4.2150000e+01 -1.1502000e+02
 3.1310000e+01 -9.0030000e+01
 3.8960000e+01 -9.3620000e+01
 3.7700000e+01 -9.7110000e+01
 4.8070000e+01 -1.2297000e+02
 4.4040000e+01 -9.4270000e+01
 4.3230000e+01 -7.1810000e+01
 3.7020000e+01 -8.4840000e+01
 4.4650000e+01 -1.0656000e+02
 3.3660000e+01 -1.1667000e+02
 4.5800000e+01 -9.5260000e+01
 4.4680000e+01 -1.2400000e+02
 4.2800000e+01 -1.2025000e+02
 4.3260000e+01 -1.0905000e+02
 4.2730000e+01 -8.2910000e+01
 3.2360000e+01 -1.0340000e+02
 3.0480000e+01 -9.9800000e+01
 4.5680000e+01 -7.7250000e+01
 4.2770000e+01 -8.2620000e+01
 3.6360000e+01 -9.2850000e+01
 3.8680000e+01 -1.1961000e+02
 4.0770000e+01 -9.1600000e+01
 2.9390000e+01 -9.7770000e+01
 4.0190000e+01 -8.4340000e+01
 4.7090000e+01 -1.1440000e+02
 4.2650000e+01 -1.0652000e+02
 3.5990000e+01 -1.2051000e+02
 3.2010000e+01 -1.0778000e+02
 4.3330000e+01 -9.4340000e+01
 4.6720000e+01 -1.2328000e+02
 4.7760000e+01 -1.0877000e+02
 3.8760000e+01 -1.2074000e+02
 3.7550000e+01 -1.1336000e+02
 5.1540000e+01 -1.1352000e+02
 4.7400000e+01 -1.2258000e+02
 3.6180000e+01 -9.1050000e+01
 4.2650000e+01 -1.1408000e+02
 4.0430000e+01 -1.1504000e+02
 3.9990000e+01 -9.0070000e+01
 4.4920000e+01 -1.1595000e+02
 4.8720000e+01 -1.2270000e+02
 4.3950000e+01 -1.0815000e+02
 3.1380000e+01 -9.9740000e+01
 3.9520000e+01 -9.1840000e+01
 4.4810000e+01 -1.0735000e+02
 4.3520000e+01 -8.3280000e+01
 3.3260000e+01 -9.2800000e+01
 3.5410000e+01 -9.0260000e+01
 3.4010000e+01 -1.0767000e+02
 4.3350000e+01 -1.1775000e+02
 4.5970000e+01 -1.1723000e+02
 4.3690000e+01 -1.2334000e+02
 4.4560000e+01 -1.0540000e+02
 4.0920000e+01 -8.2370000e+01
 4.3960000e+01 -1.0546000e+02
 3.3290000e+01 -1.1216000e+02
 4.6200000e+01 -1.2241000e+02
 4.4810000e+01 -1.0795000e+02
 3.8920000e+01 -9.1380000e+01
 4.3600000e+01 -1.1506000e+02
 3.3860000e+01 -8.6410000e+01
 3.3960000e+01 -9.0210000e+01
 4.6420000e+01 -6.8420000e+01
 4.8070000e+01 -1.2297000e+02
 4.8070000e+01 -1.2297000e+02
 4.7040000e+01 -1.1252000e+02
 4.4490000e+01 -1.0906000e+02
 4.8300000e+01 -9.5860000e+01
 3.5360000e+01 -9.0020000e+01
 4.8000000e+01 -1.2309000e+02
 4.2720000e+01 -9.5230000e+01
 3.6370000e+01 -9.0410000e+01
 4.2160000e+01 -1.2360000e+02
 3.1340000e+01 -1.0853000e+02
 2.7420000e+01 -9.7310000e+01
 3.2290000e+01 -1.0255000e+02
 4.0920000e+01 -8.2370000e+01
 4.4710000e+01 -1.0796000e+02
 4.0740000e+01 -9.7450000e+01
 4.0310000e+01 -1.1778000e+02
 4.2620000e+01 -9.8750000e+01
 4.7150000e+01 -7.6660000e+01
 4.3410000e+01 -1.0648000e+02
 4.3190000e+01 -8.1320000e+01
 4.1500000e+01 -9.6580000e+01
 3.5800000e+01 -8.4350000e+01
 4.4100000e+01 -1.0746000e+02
 3.3030000e+01 -1.0385000e+02
 4.7790000e+01 -9.4770000e+01
 3.9010000e+01 -8.4900000e+01
 4.6510000e+01 -1.2245000e+02
 3.7010000e+01 -1.2129000e+02
 4.1400000e+01 -8.3040000e+01
 4.8010000e+01 -1.2332000e+02
 4.0850000e+01 -1.1752000e+02
 4.3970000e+01 -9.2380000e+01
 4.1470000e+01 -7.8760000e+01
 4.0670000e+01 -1.1546000e+02
 2.9490000e+01 -1.0289000e+02
 4.7850000e+01 -9.9600000e+01
 4.5860000e+01 -9.4570000e+01
 4.7150000e+01 -1.0982000e+02
 3.5840000e+01 -8.3600000e+01
 4.6200000e+01 -1.2328000e+02
 4.4470000e+01 -1.0932000e+02
 4.6110000e+01 -1.2239000e+02
 3.4460000e+01 -8.5650000e+01
 5.2220000e+01 -1.1402000e+02
 4.0890000e+01 -1.0594000e+02
 4.6530000e+01 -1.1168000e+02
 4.1420000e+01 -9.6690000e+01
 3.5910000e+01 -1.2045000e+02
 4.4670000e+01 -1.1766000e+02
 4.0890000e+01 -1.0918000e+02
 3.2290000e+01 -1.0255000e+02
 4.9940000e+01 -1.1306000e+02
 5.0400000e+01 -1.1789000e+02
 4.7930000e+01 -1.2304000e+02
 3.5130000e+01 -1.1883000e+02
 3.5730000e+01 -1.0527000e+02
 4.6390000e+01 -1.2239000e+02
 3.7710000e+01 -1.0600000e+02
 3.8870000e+01 -1.1171000e+02
 4.7120000e+01 -1.2397000e+02
 4.8070000e+01 -1.2297000e+02
 3.3570000e+01 -1.0249000e+02
 4.2010000e+01 -9.3880000e+01
 4.0010000e+01 -8.9160000e+01
 3.0980000e+01 -8.2070000e+01
 4.4010000e+01 -9.3400000e+01
 3.8860000e+01 -8.1530000e+01
 4.5830000e+01 -9.6290000e+01
 4.4240000e+01 -1.0760000e+02
 3.3150000e+01 -1.1723000e+02
 3.2000000e+01 -1.0926000e+02
 3.8280000e+01 -1.1915000e+02
 4.8350000e+01 -1.0706000e+02
 4.4110000e+01 -1.2366000e+02
 3.9310000e+01 -1.1976000e+02
 3.5670000e+01 -8.2810000e+01
 4.7060000e+01 -1.2414000e+02
 3.7640000e+01 -8.3590000e+01
 3.6380000e+01 -9.3480000e+01
 3.6290000e+01 -1.0921000e+02
 3.2240000e+01 -8.2110000e+01
 4.4020000e+01 -1.1548000e+02
 4.3320000e+01 -9.2480000e+01
 4.0840000e+01 -1.1485000e+02
 4.5000000e+01 -8.7170000e+01
 4.8920000e+01 -9.9230000e+01
 4.0300000e+01 -1.1773000e+02
 3.8830000e+01 -1.1718000e+02
 3.5670000e+01 -8.5100000e+01
 4.4970000e+01 -6.7860000e+01
 4.0140000e+01 -1.2382000e+02
 3.7010000e+01 -1.1971000e+02
 4.1650000e+01 -8.0140000e+01
 4.2780000e+01 -1.2337000e+02
 3.1370000e+01 -1.0497000e+02
 4.4540000e+01 -1.0795000e+02
 3.1970000e+01 -8.1030000e+01
 4.4650000e+01 -7.3690000e+01
 2.9330000e+01 -1.0367000e+02
 3.2550000e+01 -1.0863000e+02
 4.7960000e+01 -1.2293000e+02
 4.0820000e+01 -9.4960000e+01
 4.7120000e+01 -1.2415000e+02
 3.2640000e+01 -1.0997000e+02
 4.0780000e+01 -1.1897000e+02
 4.4250000e+01 -1.1432000e+02
 4.3920000e+01 -1.0825000e+02
 4.7880000e+01 -1.2067000e+02
 3.8890000e+01 -1.0765000e+02
 4.0280000e+01 -1.1768000e+02
 4.5220000e+01 -1.0629000e+02
 3.7690000e+01 -9.3320000e+01
 4.6870000e+01 -1.2238000e+02
 3.3860000e+01 -8.4060000e+01
 3.3860000e+01 -8.6410000e+01
 4.3150000e+01 -1.2192000e+02
 3.7240000e+01 -1.1522000e+02
 4.4460000e+01 -1.0847000e+02
 3.8350000e+01 -1.1811000e+02
 3.1700000e+01 -1.0443000e+02
 3.9230000e+01 -1.2179000e+02
 3.8280000e+01 -8.0120000e+01
 4.4810000e+01 -1.0735000e+02
 4.3160000e+01 -7.8450000e+01
 4.3890000e+01 -1.0880000e+02
 3.8280000e+01 -8.0120000e+01
 3.7960000e+01 -8.9490000e+01
 4.3240000e+01 -1.2211000e+02
 3.8930000e+01 -8.5730000e+01
 3.9710000e+01 -1.2327000e+02
 3.3830000e+01 -1.0503000e+02
 3.1970000e+01 -1.1005000e+02
 4.6650000e+01 -1.2323000e+02
 4.1470000e+01 -9.5690000e+01
 3.8700000e+01 -1.2008000e+02
 3.5560000e+01 -7.5960000e+01
 4.4650000e+01 -1.0640000e+02
 4.2800000e+01 -8.4120000e+01
 4.7940000e+01 -1.2304000e+02
 4.5460000e+01 -7.5540000e+01
 4.7710000e+01 -1.0150000e+02
 3.9630000e+01 -8.2130000e+01
 4.6480000e+01 -9.3310000e+01
 3.8340000e+01 -1.0181000e+02
 4.4240000e+01 -1.1881000e+02
 4.0190000e+01 -1.2359000e+02
 4.0860000e+01 -9.5640000e+01
 4.8440000e+01 -1.0980000e+02
 4.8070000e+01 -1.2297000e+02
 4.0480000e+01 -1.2098000e+02
 3.0670000e+01 -1.0403000e+02
 4.4630000e+01 -9.1390000e+01
 4.5490000e+01 -1.0586000e+02
 4.4240000e+01 -8.1440000e+01
 4.6420000e+01 -1.1557000e+02
 4.7060000e+01 -1.2414000e+02
 3.6500000e+01 -9.1370000e+01
 3.2010000e+01 -8.3890000e+01
 4.3250000e+01 -1.1510000e+02
 3.9380000e+01 -1.2116000e+02
 3.7590000e+01 -9.8000000e+01
 4.6410000e+01 -1.2366000e+02
 4.7150000e+01 -1.0982000e+02
 4.3400000e+01 -1.0555000e+02
 2.8130000e+01 -9.8550000e+01
 4.8060000e+01 -1.2296000e+02
 4.7770000e+01 -1.1261000e+02
 3.8280000e+01 -1.1995000e+02
 3.5100000e+01 -1.1389000e+02
 3.8390000e+01 -1.0989000e+02
 3.8830000e+01 -1.1719000e+02
 4.8720000e+01 -1.2271000e+02
 3.3860000e+01 -8.2690000e+01
 3.7510000e+01 -1.1967000e+02
 4.4680000e+01 -1.2219000e+02
 4.1450000e+01 -8.9760000e+01
 4.3250000e+01 -1.1510000e+02
 4.5770000e+01 -9.1560000e+01
 4.7030000e+01 -1.2337000e+02
 4.0170000e+01 -7.5190000e+01
 3.5910000e+01 -1.2045000e+02
 3.9620000e+01 -1.2058000e+02
 4.0770000e+01 -9.1600000e+01
 4.4720000e+01 -1.1064000e+02
 4.2610000e+01 -1.2173000e+02
 3.7300000e+01 -8.8440000e+01
 4.1270000e+01 -8.6790000e+01
 3.6380000e+01 -1.0685000e+02
 3.7750000e+01 -1.0914000e+02
 4.1370000e+01 -1.1328000e+02
 3.7590000e+01 -1.0190000e+02
 4.1510000e+01 -7.9660000e+01
 4.1920000e+01 -1.1004000e+02
 4.8050000e+01 -1.2347000e+02
 4.0960000e+01 -1.2246000e+02
 4.1500000e+01 -1.0916000e+02
 3.9910000e+01 -1.1500000e+02
 4.8050000e+01 -1.2321000e+02
 4.0920000e+01 -8.2370000e+01
 3.5130000e+01 -8.0580000e+01
 4.9050000e+01 -1.2038000e+02
 3.9470000e+01 -1.1491000e+02
 3.5770000e+01 -9.9840000e+01
 4.9050000e+01 -1.2038000e+02
 3.7040000e+01 -8.7890000e+01
 3.1110000e+01 -1.0363000e+02
 3.8300000e+01 -1.1302000e+02
 3.6950000e+01 -7.8530000e+01
 3.3660000e+01 -1.1667000e+02
 3.3110000e+01 -8.0180000e+01
 4.4090000e+01 -1.1680000e+02
 4.0920000e+01 -7.5770000e+01
 4.5710000e+01 -1.1791000e+02
 4.2090000e+01 -9.2120000e+01
 3.1490000e+01 -1.0198000e+02
 4.8050000e+01 -1.2346000e+02
 4.6090000e+01 -8.4990000e+01
 3.2630000e+01 -1.0187000e+02
 4.0380000e+01 -7.4700000e+01
 3.5880000e+01 -1.2040000e+02
 3.8420000e+01 -1.1071000e+02
 4.6120000e+01 -1.2219000e+02
 4.0860000e+01 -1.0816000e+02
 3.0810000e+01 -9.8270000e+01
 4.4610000e+01 -1.0598000e+02
 3.5150000e+01 -9.6870000e+01
 4.7920000e+01 -1.2089000e+02
 3.7050000e+01 -8.4580000e+01
 4.7820000e+01 -1.1820000e+02
 3.8940000e+01 -8.9700000e+01
 4.6520000e+01 -1.1991000e+02
 4.4680000e+01 -1.2219000e+02
 3.8300000e+01 -7.8520000e+01
 4.0800000e+01 -8.8130000e+01
 3.8380000e+01 -1.2071000e+02
 4.6400000e+01 -9.2660000e+01
 4.8010000e+01 -1.2331000e+02
 4.0120000e+01 -8.1840000e+01
 3.4950000e+01 -1.0646000e+02
 3.8030000e+01 -1.2039000e+02
 3.4000000e+01 -1.1964000e+02
 3.6980000e+01 -8.2530000e+01
 4.5870000e+01 -9.7130000e+01
 3.3670000e+01 -1.1666000e+02
 4.8440000e+01 -1.0980000e+02
 4.3600000e+01 -1.1506000e+02
 4.5830000e+01 -9.9830000e+01
 4.6040000e+01 -1.2226000e+02
 4.5130000e+01 -9.9140000e+01
 4.2110000e+01 -1.0570000e+02
 4.5290000e+01 -1.0260000e+02
 4.0860000e+01 -1.1526000e+02
 3.4880000e+01 -1.0168000e+02
 3.8270000e+01 -9.5780000e+01
 3.5200000e+01 -9.3780000e+01
 4.1400000e+01 -8.3040000e+01
 4.8060000e+01 -1.2350000e+02
 4.4670000e+01 -1.1864000e+02
 3.4070000e+01 -1.0692000e+02
 4.5990000e+01 -9.2540000e+01
 3.3660000e+01 -1.1667000e+02
 3.5690000e+01 -9.0590000e+01
 3.8910000e+01 -1.2276000e+02
 4.4060000e+01 -9.2040000e+01
 4.7200000e+01 -1.0980000e+02
