000001 AA  4.7544e+06  3.9010e+06 0.0 0.0
000002 AA  1.4555e+06  5.9753e+06 0.0 0.0
000003 AA  6.0962e+06 -8.1198e+05 0.0 0.0
000004 AA  2.8248e+06 -5.4629e+06 0.0 0.0
000005 AA  5.1898e+06  3.2998e+06 0.0 0.0
000006 AA  6.1481e+06  1.5354e+05 0.0 0.0
000007 AA  5.5285e+06 -2.6940e+06 0.0 0.0
000008 AA  4.5757e+06 -4.1091e+06 0.0 0.0
000009 AA  5.3601e+05  6.1266e+06 0.0 0.0
000010 AA  9.3572e+05  6.0784e+06 0.0 0.0
000011 AA  3.9724e+06 -4.6949e+06 0.0 0.0
000012 AA  6.1412e+06 -3.2857e+05 0.0 0.0
000013 AA  4.7319e+06 -3.9283e+06 0.0 0.0
000014 AA  5.3601e+05 -6.1266e+06 0.0 0.0
000015 AA  5.2303e+06  3.2352e+06 0.0 0.0
000016 AA  8.8305e+05 -6.0863e+06 0.0 0.0
000017 AA  4.2211e+06  4.4727e+06 0.0 0.0
000018 AA  4.6132e+06 -4.0670e+06 0.0 0.0
000019 AA  4.4353e+06 -4.2604e+06 0.0 0.0
000020 AA  5.9983e+06 -1.3577e+06 0.0 0.0
000021 AA  6.0087e+06  1.3105e+06 0.0 0.0
000022 AA  6.1471e+06 -1.8891e+05 0.0 0.0
000023 AA  4.4934e+06 -4.1990e+06 0.0 0.0
000024 AA  1.8261e+06 -5.8727e+06 0.0 0.0
000025 AA  6.0385e+06 -1.1656e+06 0.0 0.0
000026 AA  5.8864e+06 -1.7813e+06 0.0 0.0
000027 AA  6.1378e+06 -3.8678e+05 0.0 0.0
000028 AA  5.3791e+06 -2.9813e+06 0.0 0.0
000029 AA  6.0993e+06 -7.8794e+05 0.0 0.0
000030 AA  4.8212e+06 -3.8182e+06 0.0 0.0
000031 AA  6.1375e+06  3.9236e+05 0.0 0.0
000032 AA  5.6595e+06  2.4067e+06 0.0 0.0
000033 AA  4.5826e+06 -4.1015e+06 0.0 0.0
000034 AA  4.6477e+06 -4.0276e+06 0.0 0.0
000035 AA  4.0537e+06 -4.6249e+06 0.0 0.0
000036 AA  4.6531e+06 -4.0214e+06 0.0 0.0
000037 AA  4.4486e+06 -4.2465e+06 0.0 0.0
000038 AA  4.0297e+06 -4.6459e+06 0.0 0.0
000039 AA  4.1756e+06 -4.5152e+06 0.0 0.0
000040 AA  4.3842e+06 -4.3130e+06 0.0 0.0
000041 AA  4.6842e+06 -3.9851e+06 0.0 0.0
000042 AA  4.6894e+06 -3.9790e+06 0.0 0.0
000043 AA  4.0786e+06 -4.6030e+06 0.0 0.0
000044 AA  4.6934e+06 -3.9743e+06 0.0 0.0
000045 AA  4.6839e+06 -3.9854e+06 0.0 0.0
000046 AA  4.3372e+06 -4.3602e+06 0.0 0.0
000047 AA  4.5721e+06 -4.1132e+06 0.0 0.0
000048 AA  4.0658e+06 -4.6143e+06 0.0 0.0
000049 AA  4.2881e+06 -4.4085e+06 0.0 0.0
000050 AA  4.6548e+06 -4.0194e+06 0.0 0.0
000051 AA  4.5663e+06 -4.1197e+06 0.0 0.0
000052 AA  4.6856e+06 -3.9834e+06 0.0 0.0
000053 AA  4.4660e+06 -4.2282e+06 0.0 0.0
000054 AA  3.9789e+06 -4.6895e+06 0.0 0.0
000055 AA  4.6073e+06 -4.0737e+06 0.0 0.0
000056 AA  4.6677e+06 -4.0044e+06 0.0 0.0
000057 AA  4.4831e+06 -4.2101e+06 0.0 0.0
000058 AA  4.5412e+06 -4.1473e+06 0.0 0.0
000059 AA  4.5305e+06 -4.1590e+06 0.0 0.0
000060 AA  4.2651e+06 -4.4307e+06 0.0 0.0
000061 AA  4.4658e+06 -4.2284e+06 0.0 0.0
000062 AA  4.0895e+06 -4.5933e+06 0.0 0.0
000063 AA  4.5033e+06 -4.1885e+06 0.0 0.0
000064 AA  3.9757e+06 -4.6922e+06 0.0 0.0
000065 AA  4.1743e+06 -4.5164e+06 0.0 0.0
000066 AA  3.9875e+06 -4.6821e+06 0.0 0.0
000067 AA  4.0293e+06 -4.6462e+06 0.0 0.0
000068 AA  4.5889e+06 -4.0945e+06 0.0 0.0
000069 AA  4.4950e+06 -4.1973e+06 0.0 0.0
000070 AA  4.2062e+06 -4.4867e+06 0.0 0.0
000071 AA  4.6791e+06 -3.9911e+06 0.0 0.0
000072 AA  3.9778e+06 -4.6904e+06 0.0 0.0
000073 AA  4.3013e+06 -4.3956e+06 0.0 0.0
000074 AA  4.2568e+06 -4.4387e+06 0.0 0.0
000075 AA  4.5469e+06 -4.1411e+06 0.0 0.0
000076 AA  4.5684e+06 -4.1173e+06 0.0 0.0
000077 AA  4.1022e+06 -4.5820e+06 0.0 0.0
000078 AA  4.3406e+06 -4.3568e+06 0.0 0.0
000079 AA  4.3066e+06 -4.3905e+06 0.0 0.0
000080 AA  4.4590e+06 -4.2356e+06 0.0 0.0
000081 AA  4.5057e+06 -4.1858e+06 0.0 0.0
000082 AA  4.5390e+06 -4.1497e+06 0.0 0.0
000083 AA  4.1736e+06 -4.5170e+06 0.0 0.0
000084 AA  4.4838e+06 -4.2093e+06 0.0 0.0
000085 AA  4.4655e+06 -4.2287e+06 0.0 0.0
000086 AA  4.0826e+06 -4.5994e+06 0.0 0.0
000087 AA  4.0472e+06 -4.6306e+06 0.0 0.0
000088 AA  4.3472e+06 -4.3503e+06 0.0 0.0
000089 AA  4.6858e+06 -3.9832e+06 0.0 0.0
000090 AA  4.2245e+06 -4.4694e+06 0.0 0.0
000091 AA  4.4132e+06 -4.2832e+06 0.0 0.0
000092 AA  4.1319e+06 -4.5552e+06 0.0 0.0
000093 AA  4.5365e+06 -4.1525e+06 0.0 0.0
000094 AA  4.1569e+06 -4.5324e+06 0.0 0.0
000095 AA  4.3530e+06 -4.3444e+06 0.0 0.0
000096 AA  4.4981e+06 -4.1940e+06 0.0 0.0
000097 AA  4.6371e+06 -4.0397e+06 0.0 0.0
000098 AA  4.6854e+06 -3.9836e+06 0.0 0.0
000099 AA  4.3844e+06 -4.3127e+06 0.0 0.0
000100 AA  4.0632e+06 -4.6166e+06 0.0 0.0
000101 AA  4.0718e+06 -4.6090e+06 0.0 0.0
000102 AA  4.1589e+06 -4.5306e+06 0.0 0.0
000103 AA  4.6013e+06 -4.0805e+06 0.0 0.0
000104 AA  4.1563e+06 -4.5330e+06 0.0 0.0
000105 AA  4.5822e+06 -4.1019e+06 0.0 0.0
000106 AA  4.1477e+06 -4.5408e+06 0.0 0.0
000107 AA  4.6643e+06 -4.0083e+06 0.0 0.0
000108 AA  4.2321e+06 -4.4623e+06 0.0 0.0
000109 AA  4.1101e+06 -4.5749e+06 0.0 0.0
000110 AA  4.1537e+06 -4.5353e+06 0.0 0.0
000111 AA  4.4363e+06 -4.2593e+06 0.0 0.0
000112 AA  4.3279e+06 -4.3694e+06 0.0 0.0
000113 AA  4.2334e+06 -4.4611e+06 0.0 0.0
000114 AA  4.5942e+06 -4.0885e+06 0.0 0.0
000115 AA  4.4132e+06 -4.2832e+06 0.0 0.0
000116 AA  4.3863e+06 -4.3108e+06 0.0 0.0
000117 AA  4.6558e+06 -4.0182e+06 0.0 0.0
000118 AA  4.1814e+06 -4.5098e+06 0.0 0.0
000119 AA  4.5408e+06 -4.1477e+06 0.0 0.0
000120 AA  4.5383e+06 -4.1505e+06 0.0 0.0
000121 AA  4.2559e+06 -4.4395e+06 0.0 0.0
000122 AA  4.4000e+06 -4.2968e+06 0.0 0.0
000123 AA  4.0119e+06 -4.6612e+06 0.0 0.0
000124 AA  3.9939e+06 -4.6767e+06 0.0 0.0
000125 AA  4.3719e+06 -4.3254e+06 0.0 0.0
000126 AA  4.5568e+06 -4.1301e+06 0.0 0.0
000127 AA  4.6677e+06 -4.0044e+06 0.0 0.0
000128 AA  4.0561e+06 -4.6229e+06 0.0 0.0
000129 AA  4.4008e+06 -4.2960e+06 0.0 0.0
000130 AA  4.3249e+06 -4.3724e+06 0.0 0.0
000131 AA  3.9592e+06 -4.7061e+06 0.0 0.0
000132 AA  4.2220e+06 -4.4719e+06 0.0 0.0
000133 AA  4.0823e+06 -4.5997e+06 0.0 0.0
000134 AA  4.5678e+06 -4.1180e+06 0.0 0.0
000135 AA  4.2015e+06 -4.4911e+06 0.0 0.0
000136 AA  4.3702e+06 -4.3271e+06 0.0 0.0
000137 AA  4.0851e+06 -4.5973e+06 0.0 0.0
000138 AA  4.4258e+06 -4.2702e+06 0.0 0.0
000139 AA  4.1632e+06 -4.5266e+06 0.0 0.0
000140 AA  4.4648e+06 -4.2295e+06 0.0 0.0
000141 AA  4.4908e+06 -4.2018e+06 0.0 0.0
000142 AA  4.5342e+06 -4.1550e+06 0.0 0.0
000143 AA  4.3104e+06 -4.3867e+06 0.0 0.0
000144 AA  4.0184e+06 -4.6556e+06 0.0 0.0
000145 AA  4.1361e+06 -4.5514e+06 0.0 0.0
000146 AA  4.6531e+06 -4.0214e+06 0.0 0.0
000147 AA  4.0743e+06 -4.6068e+06 0.0 0.0
000148 AA  4.5906e+06 -4.0926e+06 0.0 0.0
000149 AA  4.3777e+06 -4.3196e+06 0.0 0.0
000150 AA  4.7112e+06 -3.9531e+06 0.0 0.0
000151 AA  4.0138e+06 -4.6596e+06 0.0 0.0
000152 AA  4.3043e+06 -4.3927e+06 0.0 0.0
000153 AA  4.0371e+06 -4.6394e+06 0.0 0.0
000154 AA  4.6873e+06 -3.9815e+06 0.0 0.0
000155 AA  3.9531e+06 -4.7112e+06 0.0 0.0
000156 AA  4.5537e+06 -4.1336e+06 0.0 0.0
000157 AA  4.5844e+06 -4.0995e+06 0.0 0.0
000158 AA  4.6213e+06 -4.0578e+06 0.0 0.0
000159 AA  4.0189e+06 -4.6552e+06 0.0 0.0
000160 AA  4.2710e+06 -4.4250e+06 0.0 0.0
000161 AA  4.1608e+06 -4.5289e+06 0.0 0.0
000162 AA  4.5720e+06 -4.1134e+06 0.0 0.0
000163 AA  4.2956e+06 -4.4012e+06 0.0 0.0
000164 AA  4.6512e+06 -4.0236e+06 0.0 0.0
000165 AA  4.0982e+06 -4.5856e+06 0.0 0.0
000166 AA  4.1639e+06 -4.5260e+06 0.0 0.0
000167 AA  4.0688e+06 -4.6117e+06 0.0 0.0
000168 AA  4.0611e+06 -4.6185e+06 0.0 0.0
000169 AA  4.6217e+06 -4.0573e+06 0.0 0.0
000170 AA  4.4090e+06 -4.2876e+06 0.0 0.0
000171 AA  4.3864e+06 -4.3107e+06 0.0 0.0
000172 AA  4.0683e+06 -4.6121e+06 0.0 0.0
000173 AA  4.6101e+06 -4.0706e+06 0.0 0.0
000174 AA  4.4408e+06 -4.2546e+06 0.0 0.0
000175 AA  4.2328e+06 -4.4616e+06 0.0 0.0
000176 AA  4.3585e+06 -4.3388e+06 0.0 0.0
000177 AA  4.2726e+06 -4.4235e+06 0.0 0.0
000178 AA  4.0120e+06 -4.6612e+06 0.0 0.0
000179 AA  4.1448e+06 -4.5435e+06 0.0 0.0
000180 AA  4.0507e+06 -4.6276e+06 0.0 0.0
000181 AA  4.0998e+06 -4.5841e+06 0.0 0.0
000182 AA  4.1448e+06 -4.5434e+06 0.0 0.0
000183 AA  4.2846e+06 -4.4119e+06 0.0 0.0
000184 AA  3.9904e+06 -4.6797e+06 0.0 0.0
000185 AA  4.6455e+06 -4.0301e+06 0.0 0.0
000186 AA  4.6753e+06 -3.9956e+06 0.0 0.0
000187 AA  4.3414e+06 -4.3560e+06 0.0 0.0
000188 AA  4.3402e+06 -4.3572e+06 0.0 0.0
000189 AA  4.2224e+06 -4.4714e+06 0.0 0.0
000190 AA  4.6436e+06 -4.0323e+06 0.0 0.0
000191 AA  4.2472e+06 -4.4479e+06 0.0 0.0
000192 AA  4.0408e+06 -4.6362e+06 0.0 0.0
000193 AA  4.5576e+06 -4.1293e+06 0.0 0.0
000194 AA  4.2632e+06 -4.4326e+06 0.0 0.0
000195 AA  4.1462e+06 -4.5422e+06 0.0 0.0
000196 AA  4.2742e+06 -4.4219e+06 0.0 0.0
000197 AA  4.0288e+06 -4.6467e+06 0.0 0.0
000198 AA  4.0577e+06 -4.6214e+06 0.0 0.0
000199 AA  4.6733e+06 -3.9978e+06 0.0 0.0
000200 AA  4.6832e+06 -3.9862e+06 0.0 0.0
000201 AA  4.4056e+06 -4.2911e+06 0.0 0.0
000202 AA  3.9987e+06 -4.6726e+06 0.0 0.0
000203 AA  4.1407e+06 -4.5472e+06 0.0 0.0
000204 AA  4.2346e+06 -4.4599e+06 0.0 0.0
000205 AA  4.5872e+06 -4.0963e+06 0.0 0.0
000206 AA  3.9621e+06 -4.7037e+06 0.0 0.0
000207 AA  3.9849e+06 -4.6844e+06 0.0 0.0
000208 AA  4.0878e+06 -4.5948e+06 0.0 0.0
000209 AA  4.4611e+06 -4.2334e+06 0.0 0.0
000210 AA  4.5221e+06 -4.1681e+06 0.0 0.0
000211 AA  4.4600e+06 -4.2345e+06 0.0 0.0
000212 AA  4.3107e+06 -4.3864e+06 0.0 0.0
000213 AA  4.3843e+06 -4.3129e+06 0.0 0.0
000214 AA  4.1897e+06 -4.5021e+06 0.0 0.0
000215 AA  4.5316e+06 -4.1577e+06 0.0 0.0
000216 AA  4.1039e+06 -4.5805e+06 0.0 0.0
000217 AA  4.4890e+06 -4.2037e+06 0.0 0.0
000218 AA  4.0995e+06 -4.5844e+06 0.0 0.0
000219 AA  4.2466e+06 -4.4485e+06 0.0 0.0
000220 AA  4.4435e+06 -4.2518e+06 0.0 0.0
000221 AA  4.5576e+06 -4.1293e+06 0.0 0.0
000222 AA  4.0162e+06 -4.6575e+06 0.0 0.0
000223 AA  4.6644e+06 -4.0082e+06 0.0 0.0
000224 AA  4.5543e+06 -4.1329e+06 0.0 0.0
000225 AA  4.3383e+06 -4.3591e+06 0.0 0.0
000226 AA  4.2990e+06 -4.3978e+06 0.0 0.0
000227 AA  4.3075e+06 -4.3895e+06 0.0 0.0
000228 AA  4.1977e+06 -4.4947e+06 0.0 0.0
000229 AA  4.3549e+06 -4.3425e+06 0.0 0.0
000230 AA  4.3567e+06 -4.3407e+06 0.0 0.0
000231 AA  4.5847e+06 -4.0992e+06 0.0 0.0
000232 AA  4.5682e+06 -4.1176e+06 0.0 0.0
000233 AA  4.4575e+06 -4.2371e+06 0.0 0.0
000234 AA  4.2545e+06 -4.4409e+06 0.0 0.0
000235 AA  4.5803e+06 -4.1041e+06 0.0 0.0
000236 AA  4.3735e+06 -4.3238e+06 0.0 0.0
000237 AA  4.2326e+06 -4.4617e+06 0.0 0.0
000238 AA  4.6712e+06 -4.0003e+06 0.0 0.0
000239 AA  4.6265e+06 -4.0519e+06 0.0 0.0
000240 AA  4.3866e+06 -4.3104e+06 0.0 0.0
000241 AA  4.4412e+06 -4.2542e+06 0.0 0.0
000242 AA  4.4145e+06 -4.2819e+06 0.0 0.0
000243 AA  4.1190e+06 -4.5669e+06 0.0 0.0
000244 AA  4.1936e+06 -4.4984e+06 0.0 0.0
000245 AA  4.3261e+06 -4.3712e+06 0.0 0.0
000246 AA  4.1373e+06 -4.5503e+06 0.0 0.0
000247 AA  4.6039e+06 -4.0776e+06 0.0 0.0
000248 AA  4.1086e+06 -4.5763e+06 0.0 0.0
000249 AA  4.1336e+06 -4.5537e+06 0.0 0.0
000250 AA  4.0892e+06 -4.5936e+06 0.0 0.0
000251 AA  4.1350e+06 -4.5524e+06 0.0 0.0
000252 AA  4.2989e+06 -4.3979e+06 0.0 0.0
000253 AA  4.2014e+06 -4.4912e+06 0.0 0.0
000254 AA  4.6602e+06 -4.0132e+06 0.0 0.0
000255 AA  4.2947e+06 -4.4021e+06 0.0 0.0
000256 AA  4.1006e+06 -4.5834e+06 0.0 0.0
000257 AA  4.6471e+06 -4.0283e+06 0.0 0.0
000258 AA  4.6998e+06 -3.9667e+06 0.0 0.0
000259 AA  4.3014e+06 -4.3955e+06 0.0 0.0
000260 AA  4.0408e+06 -4.6363e+06 0.0 0.0
000261 AA  4.1593e+06 -4.5302e+06 0.0 0.0
000262 AA  4.2780e+06 -4.4183e+06 0.0 0.0
000263 AA  4.4205e+06 -4.2758e+06 0.0 0.0
000264 AA  4.1626e+06 -4.5272e+06 0.0 0.0
000265 AA  4.4264e+06 -4.2696e+06 0.0 0.0
000266 AA  4.5071e+06 -4.1844e+06 0.0 0.0
000267 AA  4.1303e+06 -4.5567e+06 0.0 0.0
000268 AA  4.0459e+06 -4.6318e+06 0.0 0.0
000269 AA  4.1900e+06 -4.5018e+06 0.0 0.0
000270 AA  4.2075e+06 -4.4855e+06 0.0 0.0
000271 AA  4.2900e+06 -4.4067e+06 0.0 0.0
000272 AA  4.3544e+06 -4.3430e+06 0.0 0.0
000273 AA  4.0198e+06 -4.6544e+06 0.0 0.0
000274 AA  4.1628e+06 -4.5270e+06 0.0 0.0
000275 AA  4.5726e+06 -4.1126e+06 0.0 0.0
000276 AA  3.9735e+06 -4.6940e+06 0.0 0.0
000277 AA  4.6640e+06 -4.0087e+06 0.0 0.0
000278 AA  4.5211e+06 -4.1692e+06 0.0 0.0
000279 AA  4.3397e+06 -4.3577e+06 0.0 0.0
000280 AA  4.4081e+06 -4.2885e+06 0.0 0.0
000281 AA  4.1427e+06 -4.5454e+06 0.0 0.0
000282 AA  4.3168e+06 -4.3804e+06 0.0 0.0
