 7.4494000e+01  4.2639000e+01
 5.8119000e+01  3.7930000e+01
 4.7229000e+01 -1.9018000e+01
-1.7668400e+02  5.1882000e+01
-1.7177700e+02 -1.3909000e+01
-6.2350000e+01  8.2503000e+01
-1.0645700e+02  3.4946000e+01
 3.2793000e+01  3.9868000e+01
-6.1786000e+01  1.7669000e+01
 5.8562000e+01  5.6430000e+01
-1.4360000e+01 -7.9330000e+00
-5.9559000e+01  1.3143000e+01
-6.4696000e+01  3.2371000e+01
-7.9837000e+01  9.1660000e+00
-4.8015000e+01 -1.5642000e+01
 8.3310000e+00  4.8332000e+01
 1.8424000e+01  5.1760000e+00
 1.6645300e+02  6.8065000e+01
 1.1616800e+02  4.0018000e+01
-2.1327000e+01  6.4747000e+01
 2.5256000e+01 -2.8614000e+01
 7.0283000e+01  5.3058000e+01
 1.1053500e+02 -6.6279000e+01
-9.1245000e+01  3.8056000e+01
 9.8944000e+01  1.8814000e+01
-2.5524000e+01  3.7764000e+01
 9.6835000e+01 -1.2190000e+01
-1.4786200e+02  6.4874000e+01
-1.2330500e+02  4.4586000e+01
-5.7331000e+01 -2.6331000e+01
 1.4625500e+02 -2.0088000e+01
 1.2557900e+02  7.0700000e+00
-4.8570000e+00  6.6700000e+00
 7.2453000e+01 -7.4120000e+00
-8.1433000e+01  2.8110000e+01
-5.8064000e+01 -5.1675000e+01
 1.0949400e+02  3.0276000e+01
 1.4315700e+02  4.2015000e+01
-3.2050000e+00  5.5317000e+01
-1.0197800e+02  5.4725000e+01
 1.7919700e+02 -8.5260000e+00
 3.8680000e+01  8.8950000e+00
 4.4741000e+01  4.0148000e+01
 1.1220000e+01  4.9691000e+01
-6.1654000e+01  1.2132000e+01
-7.1133000e+01  2.1511000e+01
-7.5111000e+01  1.9927000e+01
 1.4486800e+02  1.3589000e+01
 1.1974100e+02  4.9270000e+01
-9.5838000e+01  2.9962000e+01
 1.5994700e+02 -9.4390000e+00
-3.6488000e+01 -5.4284000e+01
-7.1558000e+01  4.2506000e+01
 1.2662400e+02  3.7478000e+01
-1.6952900e+02  1.6733000e+01
-8.4953000e+01  1.0291000e+01
 1.1975200e+02 -5.0140000e+00
 6.9043000e+01  3.4541000e+01
 1.1938000e+01  7.8915000e+01
-1.5258300e+02  5.7783000e+01
 2.7003000e+01  6.9757000e+01
 2.9224000e+01  5.0701000e+01
-1.5801100e+02  2.1420000e+01
 4.2686000e+01  4.3955000e+01
 3.7252000e+01 -1.1270000e+00
 1.0274000e+02  2.5123000e+01
-1.7171900e+02 -2.7740000e+00
 9.5980000e+00  5.9649000e+01
-4.0140000e+00  1.4497000e+01
 7.8620000e+01  5.0715000e+01
 1.6761300e+02  8.8020000e+00
 2.5597000e+01 -2.5015000e+01
-7.0700000e+01 -2.9011000e+01
-6.8131000e+01 -1.6288000e+01
 9.1127000e+01  2.9703000e+01
 2.8188000e+01 -1.5278000e+01
-6.8911000e+01 -2.2613000e+01
 3.4651000e+01  6.7898000e+01
 1.5077000e+02  5.9576000e+01
-1.6508000e+01  2.8250000e+01
 1.3820400e+02  3.6546000e+01
 8.1977000e+01  4.6808000e+01
 3.0738000e+01 -6.0200000e-01
 1.1973100e+02 -2.1159000e+01
 1.2959100e+02  4.4617000e+01
-1.7737000e+02  2.8216000e+01
 5.5479000e+01 -4.6740000e+00
 1.3612000e+01 -1.6560000e+00
 1.7805300e+02 -1.7745000e+01
-7.7535000e+01  1.8226000e+01
 7.3269000e+01  3.3651000e+01
-7.6842000e+01 -1.1988000e+01
 8.8441000e+01  6.9505000e+01
 1.1723900e+02 -3.2928000e+01
 3.6567000e+01  5.5115000e+01
-7.8451000e+01  2.3800000e-01
-4.3500000e+00  3.9545000e+01
 8.0702000e+01  7.2730000e+00
-9.0286000e+01 -6.7400000e-01
 1.5865000e+02  5.3023000e+01
-1.1645600e+02  3.3611000e+01
-7.0551000e+01 -4.0733000e+01
 1.4716000e+02 -9.4050000e+00
-6.4049000e+01 -6.4774000e+01
-1.5553300e+02  1.9757000e+01
-1.3009500e+02 -2.5071000e+01
-5.9967000e+01 -7.3100000e-01
 1.0984400e+02  1.9029000e+01
 1.4443800e+02 -8.9929000e+01
-1.7792900e+02 -2.9245000e+01
-1.5977300e+02 -2.1212000e+01
 4.5503000e+01  2.3523000e+01
-3.5901000e+01 -5.8270000e+00
-1.0933400e+02 -2.7127000e+01
-1.0403600e+02  4.4121000e+01
-2.3608000e+01  1.4970000e+01
-6.3183000e+01 -8.9490000e+00
 1.6675700e+02 -7.7849000e+01
-7.1288000e+01  1.8982000e+01
-7.0634000e+01  8.8840000e+00
-5.0621000e+01  6.6996000e+01
-5.7460000e+00 -1.5959000e+01
-6.6150000e+01  1.8109000e+01
-1.0994400e+02  2.3686000e+01
 1.7470400e+02 -4.1309000e+01
 1.2119100e+02  3.1095000e+01
-7.7888000e+01  4.0636000e+01
 2.0812000e+01 -3.2380000e+01
 1.7292300e+02  1.3550000e+00
 1.2149700e+02  2.4974000e+01
 1.4732000e+02 -4.2910000e+01
-8.8276000e+01  2.0226000e+01
-8.7273000e+01  1.4057000e+01
 1.2886700e+02  7.1634000e+01
 1.0364400e+02  5.1681000e+01
-1.2315000e+01 -3.7068000e+01
-6.1979000e+01 -3.8057000e+01
 1.7584000e+01 -1.9202000e+01
-1.1078500e+02  3.2310000e+01
 1.0705300e+02  4.7865000e+01
 1.6185300e+02 -7.7517000e+01
 1.6665200e+02  1.9283000e+01
-8.6294000e+01  3.8229000e+01
 8.7705000e+01  4.3814000e+01
 1.3436000e+02 -1.9934000e+01
-8.7830000e+01  3.6130000e+01
 1.0892400e+02  3.4031000e+01
-1.5744600e+02  2.0450000e+00
 1.2968000e+02  6.2031000e+01
 1.4276000e+02  4.6959000e+01
