000001 AA   42.64   74.49 0. 0.
000002 AA   37.93   58.12 0. 0.
000003 AA  -19.02   47.23 0. 0.
000004 AA   51.88 -176.68 0. 0.
000005 AA  -13.91 -171.78 0. 0.
000006 AA   82.50  -62.35 0. 0.
000007 AA   34.95 -106.46 0. 0.
000008 AA   39.87   32.79 0. 0.
000009 AA   17.67  -61.79 0. 0.
000010 AA   56.43   58.56 0. 0.
000011 AA   -7.93  -14.36 0. 0.
000012 AA   13.14  -59.56 0. 0.
000013 AA   32.37  -64.70 0. 0.
000014 AA    9.17  -79.84 0. 0.
000015 AA  -15.64  -48.02 0. 0.
000016 AA   48.33    8.33 0. 0.
000017 AA    5.18   18.42 0. 0.
000018 AA   68.06  166.45 0. 0.
000019 AA   40.02  116.17 0. 0.
000020 AA   64.75  -21.33 0. 0.
000021 AA  -28.61   25.26 0. 0.
000022 AA   53.06   70.28 0. 0.
000023 AA  -66.28  110.53 0. 0.
000024 AA   38.06  -91.25 0. 0.
000025 AA   18.81   98.94 0. 0.
000026 AA   37.76  -25.52 0. 0.
000027 AA  -12.19   96.83 0. 0.
000028 AA   64.87 -147.86 0. 0.
000029 AA   44.59 -123.31 0. 0.
000030 AA  -26.33  -57.33 0. 0.
000031 AA  -20.09  146.25 0. 0.
000032 AA    7.07  125.58 0. 0.
000033 AA    6.67   -4.86 0. 0.
000034 AA   -7.41   72.45 0. 0.
000035 AA   28.11  -81.43 0. 0.
000036 AA  -51.67  -58.06 0. 0.
000037 AA   30.28  109.49 0. 0.
000038 AA   42.02  143.16 0. 0.
000039 AA   55.32   -3.21 0. 0.
000040 AA   54.73 -101.98 0. 0.
000041 AA   -8.53  179.20 0. 0.
000042 AA    8.89   38.68 0. 0.
000043 AA   40.15   44.74 0. 0.
000044 AA   49.69   11.22 0. 0.
000045 AA   12.13  -61.65 0. 0.
000046 AA   21.51  -71.13 0. 0.
000047 AA   19.93  -75.11 0. 0.
000048 AA   13.59  144.87 0. 0.
000049 AA   49.27  119.74 0. 0.
000050 AA   29.96  -95.84 0. 0.
000051 AA   -9.44  159.95 0. 0.
000052 AA  -54.28  -36.49 0. 0.
000053 AA   42.51  -71.56 0. 0.
000054 AA   37.48  126.62 0. 0.
000055 AA   16.73 -169.53 0. 0.
000056 AA   10.29  -84.95 0. 0.
000057 AA   -5.01  119.75 0. 0.
000058 AA   34.54   69.04 0. 0.
000059 AA   78.92   11.94 0. 0.
000060 AA   57.78 -152.58 0. 0.
000061 AA   69.76   27.00 0. 0.
000062 AA   50.70   29.22 0. 0.
000063 AA   21.42 -158.01 0. 0.
000064 AA   43.95   42.69 0. 0.
000065 AA   -1.13   37.25 0. 0.
000066 AA   25.12  102.74 0. 0.
000067 AA   -2.77 -171.72 0. 0.
000068 AA   59.65    9.60 0. 0.
000069 AA   14.50   -4.01 0. 0.
000070 AA   50.72   78.62 0. 0.
000071 AA    8.80  167.61 0. 0.
000072 AA  -25.02   25.60 0. 0.
000073 AA  -29.01  -70.70 0. 0.
000074 AA  -16.29  -68.13 0. 0.
000075 AA   29.70   91.13 0. 0.
000076 AA  -15.28   28.19 0. 0.
000077 AA  -22.61  -68.91 0. 0.
000078 AA   67.90   34.65 0. 0.
000079 AA   59.58  150.77 0. 0.
000080 AA   28.25  -16.51 0. 0.
000081 AA   36.55  138.20 0. 0.
000082 AA   46.81   81.98 0. 0.
000083 AA   -0.60   30.74 0. 0.
000084 AA  -21.16  119.73 0. 0.
000085 AA   44.62  129.59 0. 0.
000086 AA   28.22 -177.37 0. 0.
000087 AA   -4.67   55.48 0. 0.
000088 AA   -1.66   13.61 0. 0.
000089 AA  -17.75  178.05 0. 0.
000090 AA   18.23  -77.53 0. 0.
000091 AA   33.65   73.27 0. 0.
000092 AA  -11.99  -76.84 0. 0.
000093 AA   69.50   88.44 0. 0.
000094 AA  -32.93  117.24 0. 0.
000095 AA   55.12   36.57 0. 0.
000096 AA    0.24  -78.45 0. 0.
000097 AA   39.55   -4.35 0. 0.
000098 AA    7.27   80.70 0. 0.
000099 AA   -0.67  -90.29 0. 0.
000100 AA   53.02  158.65 0. 0.
000101 AA   33.61 -116.46 0. 0.
000102 AA  -40.73  -70.55 0. 0.
000103 AA   -9.40  147.16 0. 0.
000104 AA  -64.77  -64.05 0. 0.
000105 AA   19.76 -155.53 0. 0.
000106 AA  -25.07 -130.09 0. 0.
000107 AA   -0.73  -59.97 0. 0.
000108 AA   19.03  109.84 0. 0.
000109 AA  -89.93  144.44 0. 0.
000110 AA  -29.25 -177.93 0. 0.
000111 AA  -21.21 -159.77 0. 0.
000112 AA   23.52   45.50 0. 0.
000113 AA   -5.83  -35.90 0. 0.
000114 AA  -27.13 -109.33 0. 0.
000115 AA   44.12 -104.04 0. 0.
000116 AA   14.97  -23.61 0. 0.
000117 AA   -8.95  -63.18 0. 0.
000118 AA  -77.85  166.76 0. 0.
000119 AA   18.98  -71.29 0. 0.
000120 AA    8.88  -70.63 0. 0.
000121 AA   67.00  -50.62 0. 0.
000122 AA  -15.96   -5.75 0. 0.
000123 AA   18.11  -66.15 0. 0.
000124 AA   23.69 -109.94 0. 0.
000125 AA  -41.31  174.70 0. 0.
000126 AA   31.09  121.19 0. 0.
000127 AA   40.64  -77.89 0. 0.
000128 AA  -32.38   20.81 0. 0.
000129 AA    1.35  172.92 0. 0.
000130 AA   24.97  121.50 0. 0.
000131 AA  -42.91  147.32 0. 0.
000132 AA   20.23  -88.28 0. 0.
000133 AA   14.06  -87.27 0. 0.
000134 AA   71.63  128.87 0. 0.
000135 AA   51.68  103.64 0. 0.
000136 AA  -37.07  -12.31 0. 0.
000137 AA  -38.06  -61.98 0. 0.
000138 AA  -19.20   17.58 0. 0.
000139 AA   32.31 -110.78 0. 0.
000140 AA   47.87  107.05 0. 0.
000141 AA  -77.52  161.85 0. 0.
000142 AA   19.28  166.65 0. 0.
000143 AA   38.23  -86.29 0. 0.
000144 AA   43.81   87.70 0. 0.
000145 AA  -19.93  134.36 0. 0.
000146 AA   36.13  -87.83 0. 0.
000147 AA   34.03  108.92 0. 0.
000148 AA    2.04 -157.45 0. 0.
000149 AA   62.03  129.68 0. 0.
000150 AA   46.96  142.76 0. 0.
