000001 AA  4.7544e+06  3.9010e+06 0.0 0.0
000002 AA  1.4555e+06  5.9753e+06 0.0 0.0
000003 AA  6.0962e+06 -8.1198e+05 0.0 0.0
000004 AA  2.8248e+06 -5.4629e+06 0.0 0.0
000005 AA  5.1898e+06  3.2998e+06 0.0 0.0
000006 AA  6.1481e+06  1.5354e+05 0.0 0.0
000007 AA  5.5285e+06 -2.6940e+06 0.0 0.0
000008 AA  4.5757e+06 -4.1091e+06 0.0 0.0
000009 AA  5.3601e+05  6.1266e+06 0.0 0.0
000010 AA  9.3572e+05  6.0784e+06 0.0 0.0
000011 AA  3.9724e+06 -4.6949e+06 0.0 0.0
000012 AA  6.1412e+06 -3.2857e+05 0.0 0.0
000013 AA  4.7319e+06 -3.9283e+06 0.0 0.0
000014 AA  5.3601e+05 -6.1266e+06 0.0 0.0
000015 AA  5.2303e+06  3.2352e+06 0.0 0.0
000016 AA  8.8305e+05 -6.0863e+06 0.0 0.0
000017 AA  4.2211e+06  4.4727e+06 0.0 0.0
000018 AA  4.6132e+06 -4.0670e+06 0.0 0.0
000019 AA  4.4353e+06 -4.2604e+06 0.0 0.0
000020 AA  5.9983e+06 -1.3577e+06 0.0 0.0
000021 AA  6.0087e+06  1.3105e+06 0.0 0.0
000022 AA  6.1471e+06 -1.8891e+05 0.0 0.0
000023 AA  4.4934e+06 -4.1990e+06 0.0 0.0
000024 AA  1.8261e+06 -5.8727e+06 0.0 0.0
000025 AA  6.0385e+06 -1.1656e+06 0.0 0.0
000026 AA  5.8864e+06 -1.7813e+06 0.0 0.0
000027 AA  6.1378e+06 -3.8678e+05 0.0 0.0
000028 AA  5.3791e+06 -2.9813e+06 0.0 0.0
000029 AA  6.0993e+06 -7.8794e+05 0.0 0.0
000030 AA  4.8212e+06 -3.8182e+06 0.0 0.0
000031 AA  6.1375e+06  3.9236e+05 0.0 0.0
000032 AA  5.6595e+06  2.4067e+06 0.0 0.0
