         192
           1           4
         256           2
         257           4
         512           2
         513           4
         768           2
         769           4
        1024           2
        1025           4
        1280           2
        1281           4
        1536           2
        1537           4
        1792           2
        1793           4
        2048           2
        2049           4
        2304           2
        2305           4
        2560           2
        2561           4
        2688           2
        2689           4
        2816           2
        2817           4
        2944           2
        2945           4
        3072           2
        3073           4
        3200           2
        3201           4
        3328           2
        3329           4
        3456           2
        3457           4
        3584           2
        3585           4
        3712           2
        3713           4
        3840           2
        3841           4
        3968           2
        3969           4
        4096           2
        4097           4
        4224           2
        4225           4
        4352           2
        4353           4
        4480           2
        4481           4
        4608           2
        4609           4
        4736           2
        4737           4
        4864           2
        4865           4
        4992           2
        4993           4
        5120           2
        5121           4
        5248           2
        5249           4
        5376           2
        5377           4
        5504           2
        5505           4
        5632           2
        5633           4
        5760           2
        5761           4
        5888           2
        5889           4
        6016           2
        6017           4
        6018           4
        6398           2
        6399           2
        6401           4
        6528           2
        6529           4
        6656           2
        6657           4
        6784           2
        6785           4
        6912           2
        6913           4
        7040           2
        7041           4
        7168           2
        7169           4
        7296           2
        7297           4
        7424           2
        7425           4
        7552           2
        7553           4
        7680           2
        7681           4
        7808           2
        7809           4
        7936           2
        7937           4
        8000           2
        8001           4
        8064           2
        8065           4
        8128           2
        8129           4
        8192           2
        8193           4
        8256           2
        8257           4
        8320           2
        8321           4
        8384           2
        8385           4
        8448           2
        8449           4
        8512           2
        8513           4
        8576           2
        8577           4
        8640           2
        8641           4
        8704           2
        8705           4
        8768           2
        8769           4
        8832           2
        8833           4
        8896           2
        8897           4
        8960           2
        8961           4
        9024           2
        9025           4
        9088           2
        9089           4
        9152           2
        9153           4
        9154           4
        9342           2
        9343           2
        9345           4
        9408           2
        9409           4
        9472           2
        9473           4
        9536           2
        9537           4
        9600           2
        9601           4
        9664           2
        9665           4
        9728           2
        9729           4
        9792           2
        9793           4
        9856           2
        9857           4
        9873           4
        9889           4
        9905           4
        9921           4
        9937           4
        9953           4
        9969           4
        9985           4
       10001           4
       10017           4
       10033           4
       10049           4
       10065           4
       10081           4
       10097           4
       10113           4
       10129           4
       10145           4
       10161           4
       10177           4
       10193           4
       10209           4
       10225           4
       10241           4
       10257           4
       10273           4
       10289           4
       10305           4
       10321           4
       10337           4
       10353           4
